19.000000 -3.000000 -1.500000
17.971046 2.712146 -1.006598
20.036749 10.394935 -3.390484
17.797329 15.039282 -4.039291
11.625273 19.907854 -4.423574
4.916945 24.109297 -4.863934
-0.560464 29.145296 -5.393672
-6.479890 32.636501 -5.900444
-10.492573 38.882286 -6.643384
-16.316683 44.142815 -6.955247
-19.573563 50.372375 -7.314469
-23.520058 56.335354 -8.047132
-23.516781 61.659271 -8.627640
-22.550285 68.371765 -9.421567
-21.467150 73.103798 -9.941166
-22.457800 78.535446 -10.455433
-23.610991 82.170975 -10.847775
-26.959732 88.664276 -10.881021
-32.141544 91.842186 -10.657501
-35.942173 91.174683 -10.550007
-42.249279 89.805573 -10.408265
-44.268059 88.934082 -9.523691
-48.457237 82.977364 -10.148189
-53.170876 77.071266 -9.832167
-60.680649 74.635292 -9.610595
-64.630165 72.106529 -9.427008
-70.181190 71.612808 -9.020082
-72.000000 67.000000 -8.921494
