19.000000 -3.000000 -1.00000
23.616146 -2.662779 -1.593702
27.320438 -2.184556 -1.885157
29.442541 2.894429 -2.681360
27.702394 5.415355 -2.912466
24.074419 9.874061 -3.208673
19.738052 13.066347 -3.278861
18.408333 13.856034 -3.516120
13.791497 17.623850 -3.748819
10.052357 20.586819 -3.982240
5.750938 24.130461 -4.300174
1.071159 27.669073 -4.617283
-0.800825 28.623596 -4.877341
-3.618952 31.897524 -5.292439
-5.773981 33.387840 -5.524915
-9.727985 37.684917 -6.106639
-10.902910 39.126701 -6.142360
-14.600220 43.389439 -6.398341
-17.542706 47.858067 -6.567782
-20.667820 51.639019 -6.822893
-23.905809 56.123997 -7.516975
-24.044586 61.352257 -8.043276
-24.000443 62.868320 -8.229161
-23.316465 67.850487 -8.840411
-21.652376 73.400948 -9.483928
-22.411932 76.834152 -9.798471
-23.264269 81.417877 -10.268690
-25.077265 86.413826 -10.470038
-27.922403 89.165878 -10.384425
-33.634403 90.368446 -10.123521
-36.665909 89.455818 -9.924392
-40.455688 85.601822 -9.792945
-43.446541 83.614906 -9.646091
-46.373768 81.891769 -9.594566
-48.585442 80.389023 -9.426207
-52.053745 78.596260 -9.420617
-54.224751 77.366623 -9.327485
-57.426052 75.505264 -9.162999
-61.887798 73.121643 -9.070436
-64.253960 71.626617 -9.036620
-68.663994 68.406364 -8.382511
-72.000000 67.000000 -8.421494
